"","Pearl","Escambia","Choctawhatchee","Ochlockonee","Aucilla","Ecofina River","Waccasassa","Withlacoochee","Manatee","Little Manatee","Hillsborough","Alafia","Myakka","Peace","St. Marys","Nassau","Satilla","St. Johns","Altamaha","Ogeechee","Savannah","Coosawatchie","Salkehatchie","Edisto","Loxahatchee","Cooper","Santee","Pee Dee","Cape Fear","New","White Oak","Potomac","Neuse","Pamlico-Tar","Rappahannock","James","York","Roanoke","Chowan","Patuxent","Perquimmans","Pasquotank","Chester-Sassafras","Susquehanna","Alligator","Transquaking","Blackwater","Choptank","Nanticoke","Wicomico","Pokomoke-Western Lower Delmarva","Delaware","Mullica","Raritan","Metedeconk","Manasquan","Shark","Hudson","Nissequogue","Housatonic","Farm","Hammonasset","Menunketesuck","Connecticut","Thames","Pawcatuck","Blackstone-Providence","Palmer","St Lawrence","Sakonnet","Taunton","Paskamanset","Merrimack","Saco","Nonesuch","Kennebec","Sheepscot","Penobscot","Manicouagan","Pleasant","St. Croix","Restigouche","St Marguerite","St John","Tusket","George","Miramichi","Annapolis","Richibucto","Mersey","Petitcodiac","Medway","Cornwallis","LaHave","Maccan-Hebert-LaPlanche","Avon","Kennetcook","Romaine","Philip","Shubenacadie","Musquodoboit","John","St Mary's","Natashquan","Margaree","Kanairiktok","Churchill","Mira","Humber","Eagle","Exploits","Gander"
"Pearl",115.454634057151,346.527355101483,347.379620599535,626.140071141246,615.571928287352,617.411260674276,724.662828639434,726.367952886621,799.763531564598,821.611737479608,833.528442445733,832.870788669083,923.072359193559,929.319423327851,2027.10177291708,2021.18971153057,2026.227517822,2021.83796360154,2062.16623020285,2116.66957353627,2116.68866789525,2178.242188084,2168.27058824162,2174.68981717294,1565.58053906063,2211.26057572299,2270.18655113925,2270.92798569814,2382.11004514048,2522.89230038087,2519.99902196727,3101.36183180247,2718.65718210421,2725.0127006254,3040.57804004568,2994.08510292839,2999.62786852264,2871.72168117693,2868.03638449683,3070.94807211149,2844.87593553741,2823.8871507139,3123.78101673116,3176.6191169491,2828.30179186043,3042.01919908565,3039.85407852326,3058.26743152459,3039.97360356192,3025.69793590815,2994.12880035159,3182.72064911716,3164.69437325809,3296.21672334428,3270.50488622177,3268.67972748965,3268.27102873361,3359.6941143903,3575.52902953476,3560.03441689625,3539.14776285084,3474.86113362366,3468.75018848154,3459.36908119139,3437.4678730652,3425.46337674129,3492.98279629425,3480.41525317941,6400.8269037551,3452.39795404258,3490.32005153882,3468.52296092863,3744.79542238631,3830.75437759925,3829.2178451652,3917.93648130213,3918.09363422407,4031.53437925204,6082.05890058365,4094.65760863752,4226.03060393226,5821.0169963021,6028.37597314548,4262.27055073925,4508.29531262522,8095.3112461617,5694.75260501875,4269.46919223588,5649.85709905064,4678.95820349331,4384.29662740344,4672.77421435533,4363.80203112592,4670.373391471,4395.30570602796,4379.89758534328,4383.68615790845,6121.41022108679,5581.739517749,4436.43318581833,4784.93946454415,5581.92774233591,4897.87652351713,6123.6017444856,5359.42318398425,7258.3699479998,7191.07514632711,5152.51592203305,6698.7404703273,7002.25614788094,7128.8416701261,7108.66344211847
"Escambia",346.527355101483,119.300286524084,120.152552022136,408.237734902893,397.669592048998,399.508924435923,506.76049240108,508.465616648268,581.861195326244,603.709401241255,615.62610620738,614.968452430729,705.170022955206,711.417087089498,1809.21328500376,1803.30122361725,1808.33902990867,1803.94947568821,1844.27774228952,1898.78108562294,1898.80017998192,1960.35370017068,1950.38210032829,1956.80132925962,1347.69205114731,1993.37208780967,2052.29806322592,2053.03949778481,2164.22155722715,2305.00381246755,2302.11053405395,2883.47334388915,2500.76869419088,2507.12421271208,2822.68955213235,2776.19661501506,2781.73938060932,2653.83319326361,2650.1478965835,2853.05958419817,2626.98744762408,2605.99866280057,2905.89252881783,2958.73062903578,2610.4133039471,2824.13071117232,2821.96559060993,2840.37894361127,2822.08511564859,2807.80944799483,2776.24031243826,2964.83216120383,2946.80588534476,3078.32823543095,3052.61639830844,3050.79123957633,3050.38254082029,3141.80562647697,3357.64054162144,3342.14592898292,3321.25927493751,3256.97264571033,3250.86170056821,3241.48059327807,3219.57938515188,3207.57488882796,3275.09430838092,3262.52676526608,6182.93841584177,3234.50946612925,3272.43156362549,3250.6344730153,3526.90693447299,3612.86588968593,3611.32935725187,3700.04799338881,3700.20514631074,3813.64589133871,5864.17041267033,3876.76912072419,4008.14211601894,5603.12850838877,5810.48748523215,4044.38206282593,4290.40682471189,7877.42275824838,5476.86411710543,4051.58070432255,5431.96861113731,4461.06971557998,4166.40813949011,4454.88572644201,4145.91354321259,4452.48490355767,4177.41721811464,4162.00909742995,4165.79766999513,5903.52173317346,5363.85102983568,4218.544697905,4567.05097663082,5364.03925442258,4679.98803560381,5905.71325657227,5141.53469607092,7040.48146008647,6973.18665841378,4934.62743411973,6480.85198241397,6784.36765996761,6910.95318221277,6890.77495420515
"Choctawhatchee",347.379620599535,120.152552022136,121.004817520188,409.090000400945,398.52185754705,400.361189933975,507.612757899133,509.31788214632,582.713460824296,604.561666739307,616.478371705432,615.820717928781,706.022288453258,712.26935258755,1810.06555050181,1804.1534891153,1809.19129540672,1804.80174118626,1845.13000778758,1899.63335112099,1899.65244547997,1961.20596566873,1951.23436582635,1957.65359475767,1348.54431664536,1994.22435330772,2053.15032872397,2053.89176328286,2165.0738227252,2305.8560779656,2302.962799552,2884.3256093872,2501.62095968893,2507.97647821013,2823.5418176304,2777.04888051311,2782.59164610737,2654.68545876166,2651.00016208155,2853.91184969622,2627.83971312213,2606.85092829862,2906.74479431588,2959.58289453383,2611.26556944516,2824.98297667037,2822.81785610798,2841.23120910932,2822.93738114664,2808.66171349288,2777.09257793631,2965.68442670189,2947.65815084281,3079.18050092901,3053.46866380649,3051.64350507438,3051.23480631834,3142.65789197502,3358.49280711949,3342.99819448097,3322.11154043557,3257.82491120839,3251.71396606627,3242.33285877612,3220.43165064993,3208.42715432601,3275.94657387897,3263.37903076414,6183.79068133982,3235.36173162731,3273.28382912354,3251.48673851336,3527.75919997104,3613.71815518398,3612.18162274993,3700.90025888686,3701.0574118088,3814.49815683677,5865.02267816838,3877.62138622225,4008.99438151699,5603.98077388682,5811.3397507302,4045.23432832398,4291.25909020994,7878.27502374643,5477.71638260348,4052.43296982061,5432.82087663536,4461.92198107803,4167.26040498816,4455.73799194006,4146.76580871064,4453.33716905572,4178.26948361269,4162.861362928,4166.64993549318,5904.37399867151,5364.70329533373,4219.39696340305,4567.90324212888,5364.89151992063,4680.84030110186,5906.56552207032,5142.38696156897,7041.33372558452,6974.03892391184,4935.47969961778,6481.70424791202,6785.21992546566,6911.80544771082,6891.6272197032
"Ochlockonee",626.140071141246,408.237734902893,409.090000400945,61.1964836747154,50.6283408208206,52.4676732077453,311.680696276827,313.385820524015,409.348993059823,431.197198974833,443.113903940958,442.456250164308,543.564430875818,549.81149501011,1672.15741818392,1666.24535679741,1671.28316308884,1666.89360886837,1707.22187546969,1761.7252188031,1761.74431316209,1823.29783335084,1813.32623350846,1819.74546243978,1210.63618432747,1856.31622098983,1915.24219640608,1915.98363096497,2027.16569040732,2167.94794564771,2165.05466723411,2746.41747706931,2363.71282737105,2370.06834589224,2685.63368531251,2639.14074819523,2644.68351378948,2516.77732644377,2513.09202976367,2716.00371737833,2489.93158080425,2468.94279598073,2768.836661998,2821.67476221594,2473.35743712727,2687.07484435249,2684.9097237901,2703.32307679143,2685.02924882876,2670.75358117499,2639.18444561842,2827.776294384,2809.75001852493,2941.27236861112,2915.56053148861,2913.73537275649,2913.32667400045,3004.74975965714,3220.5846748016,3205.09006216309,3184.20340811768,3119.9167788905,3113.80583374838,3104.42472645823,3082.52351833204,3070.51902200812,3138.03844156109,3125.47089844625,6045.88254902194,3097.45359930942,3135.37569680566,3113.57860619547,3389.85106765315,3475.81002286609,3474.27349043204,3562.99212656897,3563.14927949091,3676.59002451888,5727.11454585049,3739.71325390436,3871.0862491991,5466.07264156894,5673.43161841232,3907.32619600609,4153.35095789206,7740.36689142854,5339.80825028559,3914.52483750272,5294.91274431748,4324.01384876014,4029.35227267028,4317.82985962217,4008.85767639276,4315.42903673784,4040.3613512948,4024.95323061012,4028.74180317529,5766.46586635363,5226.79516301584,4081.48883108516,4429.99510981099,5226.98338760275,4542.93216878397,5768.65738975244,5004.47882925109,6903.42559326664,6836.13079159395,4797.57156729989,6343.79611559413,6647.31179314778,6773.89731539294,6753.71908738531
"Aucilla",615.571928287352,397.669592048998,398.52185754705,50.6283408208206,40.0601979669258,41.8995303538505,301.112553422933,302.81767767012,398.780850205928,420.629056120938,432.545761087063,431.888107310413,532.996288021923,539.243352156216,1661.58927533002,1655.67721394352,1660.71502023494,1656.32546601448,1696.65373261579,1751.15707594921,1751.17617030819,1812.72969049695,1802.75809065456,1809.17731958589,1200.06804147358,1845.74807813594,1904.67405355219,1905.41548811108,2016.59754755342,2157.37980279382,2154.48652438022,2735.84933421542,2353.14468451715,2359.50020303835,2675.06554245862,2628.57260534133,2634.11537093559,2506.20918358988,2502.52388690977,2705.43557452443,2479.36343795035,2458.37465312684,2758.2685191441,2811.10661936205,2462.78929427337,2676.50670149859,2674.3415809362,2692.75493393754,2674.46110597486,2660.1854383211,2628.61630276453,2817.2081515301,2799.18187567103,2930.70422575722,2904.99238863471,2903.16722990259,2902.75853114655,2994.18161680324,3210.01653194771,3194.52191930919,3173.63526526378,3109.3486360366,3103.23769089448,3093.85658360433,3071.95537547815,3059.95087915423,3127.47029870719,3114.90275559235,6035.31440616804,3086.88545645552,3124.80755395176,3103.01046334157,3379.28292479925,3465.2418800122,3463.70534757814,3552.42398371508,3552.58113663701,3666.02188166498,5716.5464029966,3729.14511105046,3860.5181063452,5455.50449871504,5662.86347555842,3896.75805315219,4142.78281503816,7729.79874857465,5329.2401074317,3903.95669464882,5284.34460146358,4313.44570590625,4018.78412981638,4307.26171676828,3998.28953353886,4304.86089388394,4029.7932084409,4014.38508775622,4018.1736603214,5755.89772349973,5216.22702016195,4070.92068823127,4419.4269669571,5216.41524474885,4532.36402593008,5758.08924689854,4993.91068639719,6892.85745041274,6825.56264874006,4787.003424446,6333.22797274024,6636.74365029388,6763.32917253904,6743.15094453142
"Ecofina River",617.411260674276,399.508924435923,400.361189933975,52.4676732077453,41.8995303538505,43.7388627407752,302.951885809857,304.657010057045,400.620182592853,422.468388507863,434.385093473988,433.727439697337,534.835620408848,541.08268454314,1663.42860771695,1657.51654633044,1662.55435262187,1658.1647984014,1698.49306500272,1752.99640833613,1753.01550269512,1814.56902288387,1804.59742304149,1811.01665197281,1201.9073738605,1847.58741052286,1906.51338593911,1907.254820498,2018.43687994035,2159.21913518074,2156.32585676714,2737.68866660234,2354.98401690408,2361.33953542527,2676.90487484554,2630.41193772826,2635.95470332251,2508.0485159768,2504.3632192967,2707.27490691136,2481.20277033728,2460.21398551376,2760.10785153103,2812.94595174897,2464.6286266603,2678.34603388552,2676.18091332313,2694.59426632446,2676.30043836179,2662.02477070802,2630.45563515145,2819.04748391703,2801.02120805796,2932.54355814415,2906.83172102164,2905.00656228952,2904.59786353348,2996.02094919017,3211.85586433463,3196.36125169612,3175.47459765071,3111.18796842353,3105.07702328141,3095.69591599126,3073.79470786507,3061.79021154116,3129.30963109412,3116.74208797928,6037.15373855497,3088.72478884245,3126.64688633869,3104.8497957285,3381.12225718618,3467.08121239912,3465.54467996507,3554.263316102,3554.42046902394,3667.86121405191,5718.38573538352,3730.98444343739,3862.35743873213,5457.34383110196,5664.70280794535,3898.59738553912,4144.62214742509,7731.63808096157,5331.07943981862,3905.79602703575,5286.18393385051,4315.28503829317,4020.62346220331,4309.1010491552,4000.12886592579,4306.70022627086,4031.63254082783,4016.22442014315,4020.01299270832,5757.73705588666,5218.06635254887,4072.76002061819,4421.26629934402,5218.25457713578,4534.203358317,5759.92857928547,4995.75001878412,6894.69678279967,6827.40198112698,4788.84275683292,6335.06730512716,6638.5829826808,6765.16850492597,6744.99027691834
"Waccasassa",724.662828639434,506.76049240108,507.612757899133,311.680696276827,301.112553422933,302.951885809857,47.0298388211462,48.7349630683337,297.333555932949,319.181761847959,331.098466814084,330.440813037434,432.084142407615,438.331206541907,1571.67409840616,1565.76203701965,1570.79984331107,1566.41028909061,1606.73855569193,1661.24189902534,1661.26099338432,1722.81451357308,1712.8429137307,1719.26214266202,1110.15286454971,1755.83290121207,1814.75887662832,1815.50031118721,1926.68237062956,2067.46462586995,2064.57134745635,2645.93415729155,2263.22950759329,2269.58502611448,2585.15036553475,2538.65742841747,2544.20019401172,2416.29400666601,2412.6087099859,2615.52039760057,2389.44826102649,2368.45947620297,2668.35334222024,2721.19144243818,2372.87411734951,2586.59152457473,2584.42640401234,2602.83975701367,2584.545929051,2570.27026139723,2538.70112584066,2727.29297460624,2709.26669874717,2840.78904883336,2815.07721171084,2813.25205297873,2812.84335422269,2904.26643987937,3120.10135502384,3104.60674238533,3083.72008833992,3019.43345911274,3013.32251397062,3003.94140668047,2982.04019855428,2970.03570223036,3037.55512178332,3024.98757866849,5945.39922924418,2996.97027953166,3034.89237702789,3013.09528641771,3289.36774787539,3375.32670308833,3373.79017065428,3462.50880679121,3462.66595971315,3576.10670474112,5626.63122607273,3639.2299341266,3770.60292942134,5365.58932179118,5572.94829863456,3806.84287622833,4052.8676381143,7639.88357165078,5239.32493050783,3814.04151772496,5194.42942453972,4223.53052898238,3928.86895289252,4217.34653984441,3908.374356615,4214.94571696008,3939.87803151704,3924.46991083235,3928.25848339753,5665.98254657587,5126.31184323808,3981.0055113074,4329.51179003323,5126.50006782499,4442.44884900621,5668.17406997468,4903.99550947333,6802.94227348888,6735.64747181619,4697.08824752213,6243.31279581637,6546.82847337001,6673.41399561518,6653.23576760755
"Withlacoochee",726.367952886621,508.465616648268,509.31788214632,313.385820524015,302.81767767012,304.657010057045,48.7349630683337,50.4400873155212,299.038680180136,320.886886095147,332.803591061272,332.145937284621,433.789266654802,440.036330789094,1573.37922265335,1567.46716126684,1572.50496755826,1568.1154133378,1608.44367993911,1662.94702327253,1662.96611763151,1724.51963782027,1714.54803797789,1720.96726690921,1111.8579887969,1757.53802545926,1816.46400087551,1817.2054354344,1928.38749487674,2069.16975011714,2066.27647170354,2647.63928153874,2264.93463184047,2271.29015036167,2586.85548978194,2540.36255266465,2545.90531825891,2417.9991309132,2414.31383423309,2617.22552184776,2391.15338527367,2370.16460045016,2670.05846646742,2722.89656668537,2374.57924159669,2588.29664882191,2586.13152825952,2604.54488126086,2586.25105329818,2571.97538564442,2540.40625008785,2728.99809885342,2710.97182299435,2842.49417308055,2816.78233595803,2814.95717722592,2814.54847846988,2905.97156412656,3121.80647927103,3106.31186663251,3085.42521258711,3021.13858335992,3015.02763821781,3005.64653092766,2983.74532280147,2971.74082647755,3039.26024603051,3026.69270291567,5947.10435349136,2998.67540377885,3036.59750127508,3014.80041066489,3291.07287212258,3377.03182733552,3375.49529490147,3464.2139310384,3464.37108396033,3577.8118289883,5628.33635031992,3640.93505837379,3772.30805366853,5367.29444603836,5574.65342288174,3808.54800047552,4054.57276236148,7641.58869589797,5241.03005475502,3815.74664197215,5196.13454878691,4225.23565322957,3930.5740771397,4219.0516640916,3910.07948086218,4216.65084120726,3941.58315576423,3926.17503507954,3929.96360764472,5667.68767082306,5128.01696748527,3982.71063555459,4331.21691428042,5128.20519207218,4444.1539732534,5669.87919422186,4905.70063372051,6804.64739773607,6737.35259606338,4698.79337176932,6245.01792006356,6548.5335976172,6675.11911986237,6654.94089185474
"Manatee",799.763531564598,581.861195326244,582.713460824297,409.348993059823,398.780850205928,400.620182592853,297.333555932949,299.038680180136,55.6726206111496,77.52082652616,89.4375314922849,88.7798777156344,232.95683502763,239.203899161922,1372.54679102617,1366.63472963967,1371.67253593109,1367.28298171063,1407.61124831194,1462.11459164536,1462.13368600434,1523.68720619309,1513.71560635071,1520.13483528203,911.025557169726,1556.70559383209,1615.63156924834,1616.37300380723,1727.55506324957,1868.33731848996,1865.44404007637,2446.80684991156,2064.1022002133,2070.4577187345,2386.02305815477,2339.53012103748,2345.07288663174,2217.16669928603,2213.48140260592,2416.39309022058,2190.3209536465,2169.33216882299,2469.22603484025,2522.0641350582,2173.74680996952,2387.46421719474,2385.29909663235,2403.71244963369,2385.41862167101,2371.14295401725,2339.57381846068,2528.16566722625,2510.13939136718,2641.66174145337,2615.94990433086,2614.12474559874,2613.7160468427,2705.13913249939,2920.97404764386,2905.47943500534,2884.59278095993,2820.30615173275,2814.19520659063,2804.81409930048,2782.9128911743,2770.90839485038,2838.42781440334,2825.8602712885,5746.27192186419,2797.84297215167,2835.76506964791,2813.96797903772,3090.2404404954,3176.19939570835,3174.66286327429,3263.38149941123,3263.53865233316,3376.97939736113,5427.50391869275,3440.10262674661,3571.47562204135,5166.46201441119,5373.82099125457,3607.71556884834,3853.74033073431,7440.7562642708,5040.19762312785,3614.91421034497,4995.30211715973,4024.4032216024,3729.74164551253,4018.21923246443,3709.24704923501,4015.81840958009,3740.75072413705,3725.34260345237,3729.13117601755,5466.85523919588,4927.1845358581,3781.87820392742,4130.38448265325,4927.372760445,4243.32154162623,5469.04676259469,4704.86820209334,6603.81496610889,6536.5201644362,4497.96094014215,6044.18548843639,6347.70116599003,6474.28668823519,6454.10846022757
"Little Manatee",821.611737479608,603.709401241255,604.561666739307,431.197198974833,420.629056120938,422.468388507863,319.181761847959,320.886886095147,77.52082652616,99.3690324411704,111.285737407295,110.628083630645,254.80504094264,261.052105076932,1394.39499694118,1388.48293555468,1393.5207418461,1389.13118762564,1429.45945422695,1483.96279756037,1483.98189191935,1545.53541210811,1535.56381226572,1541.98304119704,932.873763084736,1578.5537997471,1637.47977516335,1638.22120972224,1749.40326916458,1890.18552440498,1887.29224599138,2468.65505582657,2085.95040612831,2092.30592464951,2407.87126406978,2361.37832695249,2366.92109254675,2239.01490520104,2235.32960852093,2438.24129613559,2212.16915956151,2191.180374738,2491.07424075526,2543.91234097321,2195.59501588453,2409.31242310975,2407.14730254736,2425.5606555487,2407.26682758602,2392.99115993226,2361.42202437569,2550.01387314126,2531.98759728219,2663.50994736838,2637.79811024587,2635.97295151375,2635.56425275771,2726.9873384144,2942.82225355887,2927.32764092035,2906.44098687494,2842.15435764776,2836.04341250564,2826.66230521549,2804.76109708931,2792.75660076539,2860.27602031835,2847.70847720351,5768.1201277792,2819.69117806668,2857.61327556292,2835.81618495273,3112.08864641041,3198.04760162336,3196.5110691893,3285.22970532624,3285.38685824817,3398.82760327614,5449.35212460776,3461.95083266162,3593.32382795636,5188.3102203262,5395.66919716958,3629.56377476335,3875.58853664932,7462.60447018581,5062.04582904286,3636.76241625998,5017.15032307474,4046.25142751741,3751.58985142754,4040.06743837944,3731.09525515002,4037.6666154951,3762.59893005206,3747.19080936738,3750.97938193256,5488.70344511089,4949.03274177311,3803.72640984243,4152.23268856826,4949.22096636001,4265.16974754124,5490.8949685097,4726.71640800835,6625.6631720239,6558.36837035122,4519.80914605716,6066.0336943514,6369.54937190504,6496.1348941502,6475.95666614258
"Hillsborough",833.528442445733,615.62610620738,616.478371705432,443.113903940958,432.545761087063,434.385093473988,331.098466814084,332.803591061272,89.4375314922849,111.285737407295,123.20244237342,122.54478859677,266.721745908765,272.968810043057,1406.31170190731,1400.3996405208,1405.43744681223,1401.04789259176,1441.37615919308,1495.87950252649,1495.89859688547,1557.45211707423,1547.48051723185,1553.89974616317,944.790468050861,1590.47050471322,1649.39648012947,1650.13791468836,1761.31997413071,1902.1022293711,1899.2089509575,2480.5717607927,2097.86711109444,2104.22262961563,2419.7879690359,2373.29503191862,2378.83779751287,2250.93161016716,2247.24631348705,2450.15800110172,2224.08586452764,2203.09707970412,2502.99094572139,2555.82904593933,2207.51172085066,2421.22912807588,2419.06400751349,2437.47736051482,2419.18353255215,2404.90786489838,2373.33872934181,2561.93057810739,2543.90430224832,2675.42665233451,2649.71481521199,2647.88965647988,2647.48095772384,2738.90404338053,2954.73895852499,2939.24434588648,2918.35769184107,2854.07106261389,2847.96011747177,2838.57901018162,2816.67780205543,2804.67330573152,2872.19272528447,2859.62518216964,5780.03683274533,2831.60788303281,2869.52998052904,2847.73288991886,3124.00535137654,3209.96430658948,3208.42777415543,3297.14641029236,3297.3035632143,3410.74430824227,5461.26882957388,3473.86753762775,3605.24053292249,5200.22692529233,5407.58590213571,3641.48047972948,3887.50524161545,7474.52117515193,5073.96253400898,3648.67912122611,5029.06702804087,4058.16813248353,3763.50655639367,4051.98414334556,3743.01196011615,4049.58332046122,3774.51563501819,3759.10751433351,3762.89608689868,5500.62015007702,4960.94944673923,3815.64311480855,4164.14939353438,4961.13767132614,4277.08645250736,5502.81167347583,4738.63311297448,6637.57987699003,6570.28507531734,4531.72585102328,6077.95039931752,6381.46607687116,6508.05159911633,6487.8733711087
"Alafia",832.870788669083,614.968452430729,615.820717928781,442.456250164308,431.888107310413,433.727439697337,330.440813037434,332.145937284621,88.7798777156344,110.628083630645,122.54478859677,121.887134820119,266.064092132114,272.311156266406,1405.65404813066,1399.74198674415,1404.77979303558,1400.39023881511,1440.71850541643,1495.22184874984,1495.24094310882,1556.79446329758,1546.8228634552,1553.24209238652,944.13281427421,1589.81285093657,1648.73882635282,1649.48026091171,1760.66232035406,1901.44457559445,1898.55129718085,2479.91410701605,2097.20945731779,2103.56497583898,2419.13031525925,2372.63737814197,2378.18014373622,2250.27395639051,2246.5886597104,2449.50034732507,2223.42821075098,2202.43942592747,2502.33329194474,2555.17139216268,2206.85406707401,2420.57147429923,2418.40635373684,2436.81970673817,2418.5258787755,2404.25021112173,2372.68107556516,2561.27292433074,2543.24664847167,2674.76899855786,2649.05716143534,2647.23200270323,2646.82330394719,2738.24638960387,2954.08130474834,2938.58669210982,2917.70003806442,2853.41340883724,2847.30246369512,2837.92135640497,2816.02014827878,2804.01565195486,2871.53507150782,2858.96752839299,5779.37917896868,2830.95022925616,2868.87232675239,2847.07523614221,3123.34769759989,3209.30665281283,3207.77012037878,3296.48875651571,3296.64590943765,3410.08665446562,5460.61117579723,3473.2098838511,3604.58287914584,5199.56927151568,5406.92824835906,3640.82282595283,3886.8475878388,7473.86352137528,5073.30488023233,3648.02146744946,5028.40937426422,4057.51047870688,3762.84890261702,4051.32648956891,3742.3543063395,4048.92566668457,3773.85798124154,3758.44986055685,3762.23843312203,5499.96249630037,4960.29179296258,3814.9854610319,4163.49173975773,4960.48001754949,4276.42879873071,5502.15401969918,4737.97545919783,6636.92222321338,6569.62742154069,4531.06819724663,6077.29274554087,6380.80842309451,6507.39394533968,6487.21571733205
"Myakka",923.072359193559,705.170022955206,706.022288453258,543.564430875818,532.996288021924,534.835620408848,432.084142407615,433.789266654802,232.95683502763,254.80504094264,266.721745908765,266.064092132114,76.8382122659646,83.0852764002567,1279.12918597546,1273.21712458895,1278.25493088037,1273.86537665991,1314.19364326122,1368.69698659464,1368.71608095362,1430.26960114238,1420.2980013,1426.71723023132,817.607952119008,1463.28798878137,1522.21396419762,1522.95539875651,1634.13745819885,1774.91971343925,1772.02643502565,2353.38924486085,1970.68459516258,1977.04011368378,2292.60545310405,2246.11251598676,2251.65528158102,2123.74909423531,2120.0637975552,2322.97548516987,2096.90334859578,2075.91456377227,2375.80842978953,2428.64653000748,2080.3292049188,2294.04661214402,2291.88149158163,2310.29484458297,2292.00101662029,2277.72534896653,2246.15621340996,2434.74806217553,2416.72178631646,2548.24413640266,2522.53229928014,2520.70714054803,2520.29844179199,2611.72152744867,2827.55644259314,2812.06182995462,2791.17517590921,2726.88854668203,2720.77760153991,2711.39649424977,2689.49528612358,2677.49078979966,2745.01020935262,2732.44266623778,5652.85431681347,2704.42536710095,2742.34746459719,2720.550373987,2996.82283544469,3082.78179065763,3081.24525822358,3169.96389436051,3170.12104728244,3283.56179231041,5334.08631364203,3346.68502169589,3478.05801699064,5073.04440936047,5280.40338620385,3514.29796379763,3760.32272568359,7347.33865922008,4946.78001807713,3521.49660529426,4901.88451210901,3930.98561655168,3636.32404046181,3924.80162741371,3615.82944418429,3922.40080452937,3647.33311908634,3631.92499840165,3635.71357096683,5373.43763414517,4833.76693080738,3688.4605988767,4036.96687760253,4833.95515539428,4149.90393657551,5375.62915754397,4611.45059704262,6510.39736105818,6443.10255938549,4404.54333509143,5950.76788338567,6254.28356093931,6380.86908318447,6360.69085517685
"Peace",929.319423327851,711.417087089498,712.26935258755,549.81149501011,539.243352156216,541.08268454314,438.331206541907,440.036330789094,239.203899161922,261.052105076932,272.968810043057,272.311156266406,83.0852764002567,89.3323405345488,1285.37625010975,1279.46418872324,1284.50199501466,1280.1124407942,1320.44070739552,1374.94405072893,1374.96314508791,1436.51666527667,1426.54506543429,1432.96429436561,823.8550162533,1469.53505291566,1528.46102833191,1529.2024628908,1640.38452233315,1781.16677757354,1778.27349915994,2359.63630899514,1976.93165929687,1983.28717781807,2298.85251723834,2252.35958012105,2257.90234571531,2129.9961583696,2126.31086168949,2329.22254930416,2103.15041273007,2082.16162790656,2382.05549392382,2434.89359414177,2086.5762690531,2300.29367627831,2298.12855571592,2316.54190871726,2298.24808075459,2283.97241310082,2252.40327754425,2440.99512630983,2422.96885045075,2554.49120053695,2528.77936341443,2526.95420468232,2526.54550592628,2617.96859158296,2833.80350672743,2818.30889408891,2797.42224004351,2733.13561081633,2727.02466567421,2717.64355838406,2695.74235025787,2683.73785393395,2751.25727348691,2738.68973037208,5659.10138094777,2710.67243123525,2748.59452873148,2726.7974381213,3003.06989957898,3089.02885479192,3087.49232235787,3176.2109584948,3176.36811141674,3289.80885644471,5340.33337777632,3352.93208583019,3484.30508112493,5079.29147349476,5286.65045033815,3520.54502793192,3766.56978981788,7353.58572335437,4953.02708221142,3527.74366942855,4908.13157624331,3937.23268068597,3642.5711045961,3931.048691548,3622.07650831858,3928.64786866366,3653.58018322063,3638.17206253594,3641.96063510112,5379.68469827946,4840.01399494167,3694.70766301099,4043.21394173682,4840.20221952858,4156.1510007098,5381.87622167827,4617.69766117692,6516.64442519247,6449.34962351978,4410.79039922572,5957.01494751996,6260.5306250736,6387.11614731877,6366.93791931114
"St. Marys",2027.10177291708,1809.21328500376,1810.06555050181,1672.15741818392,1661.58927533002,1663.42860771695,1571.67409840616,1573.37922265335,1372.54679102617,1394.39499694118,1406.31170190731,1405.65404813066,1279.12918597546,1285.37625010975,89.4874016342254,83.5753402477166,88.6131465391415,84.22359231868,198.353427176384,260.811880878825,260.830975237807,333.331352838897,323.359752996515,329.778981927836,511.977933631135,377.089728817013,445.662943846681,446.404378405571,558.00894143669,699.651958458984,696.758680045385,1278.12148988058,895.41684018232,901.772358703517,1217.33769812379,1170.8447610065,1176.38752660075,1048.48133925505,1044.79604257494,1247.7077301896,1021.63559361552,1000.64680879201,1300.54067480927,1353.37877502721,1005.06144993854,1218.77885716376,1216.61373660137,1235.0270896027,1216.73326164003,1202.45759398626,1170.8884584297,1359.48030719527,1341.4540313362,1472.97638142239,1447.26454429988,1445.43938556776,1445.03068681172,1536.45377246841,1752.28868761287,1736.79407497436,1715.90742092895,1651.62079170177,1645.50984655965,1636.1287392695,1614.22753114331,1602.2230348194,1669.74245437236,1657.17491125752,4577.58656183322,1629.15761212069,1667.07970961693,1645.28261900674,1921.55508046442,2007.51403567736,2005.97750324331,2094.69613938024,2094.85329230218,2208.29403733015,4258.81855866177,2271.41726671563,2402.79026201037,3997.7766543802,4205.13563122359,2439.03020881736,2685.05497070333,6272.0709042398,3871.51226309686,2446.22885031399,3826.61675712876,2855.71786157142,2561.05628548155,2849.53387243345,2540.56168920403,2847.13304954911,2572.06536410607,2556.65724342139,2560.44581598657,4298.16987916489,3758.49917582712,2613.19284389644,2961.69912262227,3758.68740041402,3074.63618159525,4300.3614025637,3536.18284206236,5435.1296060779,5367.83480440521,3329.27558011117,4875.5001284054,5179.01580595904,5305.6013282042,5285.42310019658
"Nassau",2021.18971153057,1803.30122361725,1804.1534891153,1666.24535679741,1655.67721394352,1657.51654633044,1565.76203701965,1567.46716126684,1366.63472963967,1388.48293555468,1400.3996405208,1399.74198674415,1273.21712458895,1279.46418872324,83.5753402477166,77.6632788612078,82.7010851526327,78.3115309321712,192.441365789875,254.899819492316,254.918913851298,327.419291452388,317.447691610006,323.866920541328,506.065872244626,371.177667430504,439.750882460172,440.492317019062,552.096880050181,693.739897072475,690.846618658876,1272.20942849407,889.504778795811,895.860297317008,1211.42563673728,1164.93269961999,1170.47546521424,1042.56927786854,1038.88398118843,1241.79566880309,1015.72353222901,994.734747405499,1294.62861342276,1347.46671364071,999.149388552031,1212.86679577725,1210.70167521486,1229.1150282162,1210.82120025352,1196.54553259976,1164.97639704319,1353.56824580876,1335.54196994969,1467.06432003588,1441.35248291337,1439.52732418125,1439.11862542521,1530.5417110819,1746.37662622636,1730.88201358785,1709.99535954244,1645.70873031526,1639.59778517314,1630.21667788299,1608.3154697568,1596.31097343289,1663.83039298585,1651.26284987101,4571.67450044671,1623.24555073418,1661.16764823042,1639.37055762023,1915.64301907791,2001.60197429085,2000.0654418568,2088.78407799373,2088.94123091567,2202.38197594364,4252.90649727526,2265.50520532912,2396.87820062386,3991.86459299369,4199.22356983709,2433.11814743085,2679.14290931682,6266.1588428533,3865.60020171035,2440.31678892748,3820.70469574225,2849.80580018491,2555.14422409504,2843.62181104694,2534.64962781752,2841.2209881626,2566.15330271956,2550.74518203488,2554.53375460006,4292.25781777838,3752.58711444061,2607.28078250993,2955.78706123576,3752.77533902751,3068.72412020874,4294.44934117719,3530.27078067585,5429.21754469139,5361.9227430187,3323.36351872466,4869.58806701889,5173.10374457253,5299.68926681769,5279.51103881007
"Satilla",2026.227517822,1808.33902990867,1809.19129540672,1671.28316308884,1660.71502023494,1662.55435262187,1570.79984331107,1572.50496755826,1371.67253593109,1393.5207418461,1405.43744681223,1404.77979303558,1278.25493088037,1284.50199501466,88.6131465391415,82.7010851526327,87.7388914440576,83.3493372235961,197.4791720813,259.937625783741,259.956720142723,332.457097743813,322.485497901431,328.904726832753,511.103678536051,376.215473721929,444.788688751597,445.530123310487,557.134686341606,698.7777033639,695.884424950301,1277.2472347855,894.542585087236,900.898103608433,1216.4634430287,1169.97050591141,1175.51327150567,1047.60708415996,1043.92178747985,1246.83347509452,1020.76133852043,999.772553696924,1299.66641971418,1352.50451993213,1004.18719484346,1217.90460206867,1215.73948150628,1234.15283450762,1215.85900654494,1201.58333889118,1170.01420333461,1358.60605210019,1340.57977624111,1472.10212632731,1446.39028920479,1444.56513047268,1444.15643171664,1535.57951737332,1751.41443251779,1735.91981987927,1715.03316583387,1650.74653660668,1644.63559146457,1635.25448417442,1613.35327604823,1601.34877972431,1668.86819927727,1656.30065616243,4576.71230673813,1628.28335702561,1666.20545452184,1644.40836391165,1920.68082536934,2006.63978058228,2005.10324814823,2093.82188428516,2093.9790372071,2207.41978223507,4257.94430356669,2270.54301162055,2401.91600691529,3996.90239928512,4204.26137612851,2438.15595372228,2684.18071560825,6271.19664914472,3870.63800800177,2445.35459521891,3825.74250203367,2854.84360647633,2560.18203038647,2848.65961733836,2539.68743410895,2846.25879445403,2571.19110901099,2555.78298832631,2559.57156089148,4297.29562406981,3757.62492073203,2612.31858880135,2960.82486752718,3757.81314531894,3073.76192650016,4299.48714746862,3535.30858696728,5434.25535098282,5366.96054931013,3328.40132501608,4874.62587331031,5178.14155086395,5304.72707310912,5284.54884510149
"St. Johns",2021.83796360154,1803.94947568821,1804.80174118626,1666.89360886837,1656.32546601448,1658.1647984014,1566.41028909061,1568.1154133378,1367.28298171063,1389.13118762564,1401.04789259176,1400.39023881511,1273.86537665991,1280.1124407942,84.22359231868,78.3115309321712,83.3493372235961,78.9597830031346,193.089617860839,255.54807156328,255.567165922262,328.067543523352,318.09594368097,324.515172612291,506.714124315589,371.825919501468,440.399134531136,441.140569090025,552.745132121144,694.388149143438,691.494870729839,1272.85768056504,890.153030866774,896.508549387971,1212.07388880824,1165.58095169095,1171.12371728521,1043.2175299395,1039.53223325939,1242.44392087406,1016.37178429997,995.382999476462,1295.27686549372,1348.11496571167,999.797640622994,1213.51504784821,1211.34992728582,1229.76328028716,1211.46945232448,1197.19378467072,1165.62464911415,1354.21649787973,1336.19022202065,1467.71257210685,1442.00073498433,1440.17557625222,1439.76687749618,1531.18996315286,1747.02487829733,1731.53026565881,1710.6436116134,1646.35698238622,1640.2460372441,1630.86492995395,1608.96372182777,1596.95922550385,1664.47864505681,1651.91110194197,4572.32275251767,1623.89380280514,1661.81590030138,1640.01880969119,1916.29127114888,2002.25022636182,2000.71369392777,2089.4323300647,2089.58948298663,2203.03022801461,4253.55474934623,2266.15345740009,2397.52645269483,3992.51284506466,4199.87182190805,2433.76639950182,2679.79116138778,6266.80709492426,3866.24845378131,2440.96504099845,3821.35294781321,2850.45405225587,2555.79247616601,2844.2700631179,2535.29787988849,2841.86924023356,2566.80155479053,2551.39343410584,2555.18200667102,4292.90606984935,3753.23536651157,2607.92903458089,2956.43531330672,3753.42359109848,3069.3723722797,4295.09759324815,3530.91903274682,5429.86579676236,5362.57099508967,3324.01177079562,4870.23631908985,5173.75199664349,5300.33751888865,5280.15929088103
"Altamaha",2062.16623020285,1844.27774228952,1845.13000778758,1707.22187546969,1696.65373261579,1698.49306500272,1606.73855569193,1608.44367993911,1407.61124831194,1429.45945422695,1441.37615919308,1440.71850541643,1314.19364326122,1320.44070739552,198.353427176384,192.441365789875,197.4791720813,193.089617860839,39.1093797812386,189.978339512238,189.99743387122,263.010831474539,253.039231632157,259.458460563478,547.042390916902,306.770235582977,375.348567203602,376.090001762491,492.487623033533,634.908910185356,632.015631771757,1213.37844160696,830.673791908692,837.029310429889,1152.59464985016,1106.10171273287,1111.64447832713,983.738290981419,980.052994301311,1182.96468191597,956.892545341891,935.90376051838,1235.79762653564,1288.63572675359,940.318401664912,1154.03580889013,1151.87068832774,1170.28404132908,1151.9902133664,1137.71454571264,1106.14541015607,1294.73725892164,1276.71098306257,1408.23333314876,1382.52149602625,1380.69633729413,1380.28763853809,1471.71072419478,1687.54563933924,1672.05102670073,1651.16437265532,1586.87774342814,1580.76679828602,1571.38569099587,1549.48448286969,1537.47998654577,1604.99940609873,1592.43186298389,4512.84351355959,1564.41456384706,1602.3366613433,1580.53957073311,1856.81203219079,1942.77098740373,1941.23445496968,2029.95309110662,2030.11024402855,2143.55098905652,4194.07551038814,2206.674218442,2338.04721373674,3933.03360610657,4140.39258294997,2374.28716054373,2620.3119224297,6207.32785596617,3806.76921482323,2381.48580204036,3761.87370885513,2790.97481329779,2496.31323720792,2784.79082415982,2475.8186409304,2782.39000127548,2507.32231583244,2491.91419514776,2495.70276771294,4233.42683089126,3693.75612755349,2548.44979562281,2896.95607434864,3693.94435214039,3009.89313332162,4235.61835429007,3471.43979378873,5370.38655780427,5303.09175613158,3264.53253183754,4810.75708013177,5114.27275768541,5240.85827993057,5220.68005192295
"Ogeechee",2116.66957353627,1898.78108562294,1899.63335112099,1761.7252188031,1751.15707594921,1752.99640833613,1661.24189902534,1662.94702327253,1462.11459164536,1483.96279756037,1495.87950252649,1495.22184874984,1368.69698659464,1374.94405072893,260.811880878825,254.899819492316,259.937625783741,255.54807156328,189.978339512238,49.5347815168706,49.553875875853,212.857172755239,202.885572912857,209.304801844178,601.545734250318,256.62432504664,328.881820324297,329.623254883186,448.138175443147,590.622240826958,587.728962413359,1169.09177224856,786.387122550293,792.74264107149,1108.30798049176,1061.81504337447,1067.35780896873,939.45162162302,935.766324942912,1138.67801255758,912.605875983493,891.617091159981,1191.51095717724,1244.34905739519,896.031732306514,1109.74913953173,1107.58401896934,1125.99737197068,1107.703544008,1093.42787635424,1061.85874079767,1250.45058956324,1232.42431370417,1363.94666379037,1338.23482666785,1336.40966793574,1336.0009691797,1427.42405483638,1643.25896998084,1627.76435734233,1606.87770329692,1542.59107406974,1536.48012892762,1527.09902163747,1505.19781351129,1493.19331718737,1560.71273674033,1548.14519362549,4468.55684420119,1520.12789448866,1558.0499919849,1536.25290137471,1812.5253628324,1898.48431804534,1896.94778561128,1985.66642174822,1985.82357467015,2099.26431969813,4149.78884102974,2162.3875490836,2293.76054437835,3888.74693674817,4096.10591359157,2330.00049118534,2576.0252530713,6163.04118660778,3762.48254546483,2337.19913268197,3717.58703949673,2746.68814393939,2452.02656784952,2740.50415480142,2431.531971572,2738.10333191708,2463.03564647405,2447.62752578936,2451.41609835454,4189.14016153286,3649.46945819509,2504.16312626441,2852.66940499024,3649.65768278199,2965.60646396322,4191.33168493167,3427.15312443033,5326.09988844588,5258.80508677319,3220.24586247914,4766.47041077337,5069.98608832701,5196.57161057218,5176.39338256455
